2016   281.405  433.247  406.737  398.533  905.689
2016   283.707  331.776  410.887  417.452  928.342
2016   286.018  183.643  369.060  372.772  866.916
2016   287.697   30.595  346.931  384.365  736.831
2016   289.952 -107.571  323.710  375.294  626.770
2017   280.047  470.052  474.336  508.562  966.661
2017   282.205  407.485  435.323  472.856  898.930
2017   284.572  320.956  396.327  421.791  836.016
2017   286.551  252.942  376.534  394.825  820.912
2017   288.639  146.908  328.174  344.254  809.878
2018   279.498  478.050  454.997  468.810  923.633
2018   281.421  423.839  431.394  461.830  920.752
2018   284.123  336.315  415.853  438.219  902.718
2018   285.994  281.949  368.329  361.937  906.946
2018   288.022  221.161  302.350  286.962  854.024
