2016   281.405  419.523  406.231  390.228  850.685
2016   283.707  302.184  410.222  408.061  894.316
2016   286.018  155.928  376.142  389.697  830.708
2016   287.697   -8.142  358.136  400.086  690.790
2016   289.952 -124.983  325.123  377.720  604.499
2017   280.047  453.285  459.224  496.176  951.454
2017   282.205  400.797  429.435  468.097  874.370
2017   284.572  323.735  404.980  435.290  809.119
2017   286.551  252.442  386.568  408.395  802.574
2017   288.639  148.333  333.064  351.999  801.550
2018   279.498  473.824  417.448  408.825  912.615
2018   281.421  411.904  424.035  451.336  844.821
2018   284.123  318.498  413.462  439.666  842.700
2018   285.994  259.756  368.399  367.754  822.875
2018   288.022  200.070  301.567  281.688  805.921
